================================================================================
Scenario: Static 12.64m  |  tag=(0.0, 12.64)
================================================================================

  [RR-All]  total=1208  overall_mean_err=4.7522m  tag=(0.0, 12.64)
        Pair   Count    Ratio     GDOP   MeanErr   StdErr    MeanX    MeanY
  ------------------------------------------------------------------------
       (1,2)     101     8.4%    10.55    3.5055   0.2496    3.415   11.847
       (1,4)     101     8.4%    11.21   12.7976   7.2586   -8.695    3.501
       (2,1)     101     8.4%    10.55    3.9092   0.3260   -3.798   11.714
       (2,4)     101     8.4%   177.72    4.3933   1.5063    4.338   11.985
       (3,1)     101     8.4%   177.72    1.5681   1.2137   -1.564   12.600
       (3,4)     101     8.4%    11.96    5.7004   0.4436   -5.624   11.717
       (4,1)     101     8.4%    11.21    2.3116   0.5461   -2.297   12.389
       (4,2)     101     8.4%   177.72    0.7505   0.0005    0.750   12.656
       (4,3)     101     8.4%    11.96    4.5001   0.4286    4.478   12.206
       (3,2)     100     8.3%    11.21    2.1263   0.4345    2.108   12.365
       (1,3)     100     8.3%   177.72    1.1370   0.9266   -1.134   12.631
       (2,3)      99     8.2%    11.21   14.4569   6.5997    8.830    1.921

  [RR-Best]  total=404  overall_mean_err=1.4893m  tag=(0.0, 12.64)
        Pair   Count    Ratio     GDOP   MeanErr   StdErr    MeanX    MeanY
  ------------------------------------------------------------------------
       (4,2)     101    25.0%   177.72    0.7505   0.0005    0.750   12.656
       (1,3)      76    18.8%   177.72    0.9948   0.6088   -0.993   12.657
       (3,1)      72    17.8%   177.72    0.8724   0.3640   -0.871   12.677
       (2,1)      61    15.1%    10.55    3.9143   0.3015   -3.803   11.713
       (3,2)      29     7.2%    11.21    1.8746   0.3478    1.861   12.415
       (1,4)      23     5.7%    11.21    0.4191   0.2857    0.308   12.596
       (2,4)      21     5.2%   177.72    2.0724   1.2963    2.066   12.532
       (2,3)      19     4.7%    11.21    1.7396   0.2369   -1.724   12.409
       (1,2)       2     0.5%    10.55    4.0660   0.2628    3.951   11.678

  [PedLoc]  total=703  overall_mean_err=3.8680m  tag=(0.0, 12.64)
        Pair   Count    Ratio     GDOP   MeanErr   StdErr    MeanX    MeanY
  ------------------------------------------------------------------------
       (1,2)     426    60.6%    10.55    3.3161   0.3163    3.214   11.823
       (1,3)     163    23.2%   177.72    0.8701   0.4141   -0.868   12.578
       (2,3)      74    10.5%    11.21   13.9508   6.9105    8.344    2.270
       (3,2)      20     2.8%    11.21    2.0159   0.3516    1.991   12.323
       (2,1)      16     2.3%    10.55    4.2926   0.3707   -4.130   11.470
       (3,1)       2     0.3%   177.72    0.7508   0.0009   -0.750   12.615
       (2,4)       1     0.1%   177.72    5.4060   0.0000    5.321   11.684
       (1,4)       1     0.1%    11.21   16.5098   0.0000  -11.761    1.053

  [DA-VPL]  total=703  overall_mean_err=4.1370m  tag=(0.0, 12.64)
        Pair   Count    Ratio     GDOP   MeanErr   StdErr    MeanX    MeanY
  ------------------------------------------------------------------------
       (2,1)     696    99.0%    10.55    4.0426   0.3610   -3.911   11.622
       (2,3)       6     0.9%    11.21   15.1039   6.0045    9.477    1.433
       (2,4)       1     0.1%   177.72    4.0192   0.0000    3.963   11.973

================================================================================
Scenario: Static 22.64m  |  tag=(0.0, 22.64)
================================================================================

  [RR-All]  total=1186  overall_mean_err=8.7303m  tag=(0.0, 22.64)
        Pair   Count    Ratio     GDOP   MeanErr   StdErr    MeanX    MeanY
  ------------------------------------------------------------------------
       (1,2)      99     8.3%    19.96    6.5820   0.3595    6.447   21.317
       (1,3)      99     8.3%   602.36    1.0619   0.9937   -1.060   22.578
       (1,4)      99     8.3%    20.64   23.3397  13.4791  -15.877    5.956
       (2,1)      99     8.3%    19.96    7.6871   0.4497   -7.494   20.930
       (2,3)      99     8.3%    20.64   28.5741  10.7179   17.726    1.198
       (2,4)      99     8.3%   602.36    7.6739   2.2536    7.559   21.353
       (3,1)      99     8.3%   602.36    2.5323   2.2296   -2.522   22.424
       (3,4)      99     8.3%    21.37   10.4546   0.6840  -10.235   20.514
       (4,1)      99     8.3%    20.64    4.7523   0.8498   -4.711   22.021
       (4,2)      99     8.3%   602.36    0.7524   0.0016    0.750   22.584
       (4,3)      99     8.3%    21.37    7.7531   0.8194    7.682   21.604
       (3,2)      97     8.2%    20.64    3.4938   0.6154    3.467   22.206

  [RR-Best]  total=396  overall_mean_err=2.4362m  tag=(0.0, 22.64)
        Pair   Count    Ratio     GDOP   MeanErr   StdErr    MeanX    MeanY
  ------------------------------------------------------------------------
       (4,2)      99    25.0%   602.36    0.7524   0.0016    0.750   22.584
       (1,3)      82    20.7%   602.36    1.0157   0.9184   -1.014   22.583
       (3,1)      65    16.4%   602.36    1.0728   0.7553   -1.072   22.590
       (2,1)      52    13.1%    19.96    7.7551   0.3685   -7.559   20.907
       (3,2)      34     8.6%    20.64    3.1810   0.5611    3.158   22.256
       (2,4)      33     8.3%   602.36    5.2276   1.9649    5.190   22.042
       (1,4)      17     4.3%    20.64    0.5443   0.4260    0.446   22.545
       (2,3)      14     3.5%    20.64    3.1452   0.6166   -3.120   22.241

  [PedLoc]  total=684  overall_mean_err=6.8735m  tag=(0.0, 22.64)
        Pair   Count    Ratio     GDOP   MeanErr   StdErr    MeanX    MeanY
  ------------------------------------------------------------------------
       (1,2)     639    93.4%    19.96    6.8100   0.4780    6.674   21.289
       (1,3)      19     2.8%   602.36    1.4537   1.3911   -1.452   22.594
       (2,1)      12     1.8%    19.96    7.4814   0.5727   -7.310   21.050
       (1,4)       5     0.7%    20.64   26.4697  12.9782  -17.240    2.775
       (2,3)       4     0.6%    20.64   17.9333  14.6439    9.169   10.270
       (2,4)       3     0.4%   602.36    8.1212   1.0098    8.017   21.358
       (3,2)       1     0.1%    20.64    3.3136   0.0000    3.298   22.315
       (3,1)       1     0.1%   602.36    0.7503   0.0000   -0.750   22.663

  [DA-VPL]  total=685  overall_mean_err=7.8029m  tag=(0.0, 22.64)
        Pair   Count    Ratio     GDOP   MeanErr   StdErr    MeanX    MeanY
  ------------------------------------------------------------------------
       (2,1)     676    98.7%    19.96    7.6398   0.4923   -7.451   20.953
       (1,4)       6     0.9%    20.64   26.4185  11.4784  -18.038    3.615
       (4,3)       1     0.1%    21.37    7.9637   0.0000    7.888   21.543
       (1,2)       1     0.1%    19.96    6.5615   0.0000    6.428   21.322
       (2,4)       1     0.1%   602.36    7.4188   0.0000    7.344   21.587

================================================================================
Scenario: Static 32.64m  |  tag=(0.0, 32.64)
================================================================================

  [RR-All]  total=110  overall_mean_err=9.3655m  tag=(0.0, 32.64)
        Pair   Count    Ratio     GDOP   MeanErr   StdErr    MeanX    MeanY
  ------------------------------------------------------------------------
       (3,1)      37    33.6%  1278.41    3.7284   3.2305   -3.714   32.358
       (1,3)      28    25.5%  1278.41    2.2146   2.4659   -2.209   32.511
       (1,4)      17    15.5%    30.07   30.6173  21.1497  -20.120   11.206
       (3,4)      14    12.7%    30.79   14.4516   1.2742  -14.161   29.771
       (4,1)       5     4.5%    30.07    4.8309   1.4467   -4.810   32.206
       (4,3)       5     4.5%    30.79   10.6579   0.7003   10.560   31.201
       (3,2)       3     2.7%    30.07    6.4923   0.1294    6.447   31.877
       (1,2)       1     0.9%    29.38   10.5129   0.0000    9.954   36.021

  [RR-Best]  total=72  overall_mean_err=3.1786m  tag=(0.0, 32.64)
        Pair   Count    Ratio     GDOP   MeanErr   StdErr    MeanX    MeanY
  ------------------------------------------------------------------------
       (3,1)      36    50.0%  1278.41    3.6076   3.1916   -3.594   32.372
       (1,3)      25    34.7%  1278.41    2.1373   2.3849   -2.132   32.520
       (4,1)       5     6.9%    30.07    4.8309   1.4467   -4.810   32.206
       (1,4)       4     5.6%    30.07    2.0692   1.9797    0.994   33.827
       (3,2)       2     2.8%    30.07    6.5616   0.1034    6.515   31.857

  [PedLoc]  total=701  overall_mean_err=19.7242m  tag=(0.0, 32.64)
        Pair   Count    Ratio     GDOP   MeanErr   StdErr    MeanX    MeanY
  ------------------------------------------------------------------------
       (1,4)     536    76.5%    30.07   24.5466  21.9286  -13.541   15.519
       (4,1)     158    22.5%    30.07    3.7777   0.8905   -3.760   32.275
       (3,1)       4     0.6%  1278.41   12.2003   3.1485  -11.971   30.338
       (1,3)       2     0.3%  1278.41    6.8358   1.4710   -6.801   31.973
       (4,3)       1     0.1%    30.79   10.2830   0.0000   10.185   31.222

  [DA-VPL]  total=664  overall_mean_err=25.3576m  tag=(0.0, 32.64)
        Pair   Count    Ratio     GDOP   MeanErr   StdErr    MeanX    MeanY
  ------------------------------------------------------------------------
       (1,4)     656    98.8%    30.07   25.5377  21.9509  -14.365   14.745
       (1,3)       6     0.9%  1278.41   11.2516   0.6323  -11.103   30.822
       (4,3)       1     0.2%    30.79   10.5466   0.0000   10.443   31.166
       (3,2)       1     0.2%    30.07    6.6650   0.0000    6.615   31.828