================================================================================
Scenario: Static 12.64m  |  tag=(0.0, 12.64)
================================================================================

  [RR-All]  total=1208  overall_mean_err=2.4941m  tag=(0.0, 12.64)
        Pair   Count    Ratio     GDOP   MeanErr   StdErr    MeanX    MeanY
  ------------------------------------------------------------------------
       (1,2)     101     8.4%    10.55    3.5055   0.2496    3.415   11.847
       (1,4)     101     8.4%    11.21    0.4730   0.3022    0.394   12.591
       (2,1)     101     8.4%    10.55    3.9092   0.3260   -3.798   11.714
       (2,4)     101     8.4%   177.72    3.0373   1.2567   -2.838   11.985
       (3,1)     101     8.4%   177.72    1.0283   0.6569    0.064   12.600
       (3,4)     101     8.4%    11.96    5.7004   0.4436   -5.624   11.717
       (4,1)     101     8.4%    11.21    2.3116   0.5461   -2.297   12.389
       (4,2)     101     8.4%   177.72    0.7505   0.0005    0.750   12.656
       (4,3)     101     8.4%    11.96    4.5001   0.4286    4.478   12.206
       (3,2)     100     8.3%    11.21    2.1263   0.4345    2.108   12.365
       (1,3)     100     8.3%   177.72    0.8684   0.4959   -0.366   12.631
       (2,3)      99     8.2%    11.21    1.6825   0.2831   -1.668   12.420

  [RR-Best]  total=404  overall_mean_err=0.9342m  tag=(0.0, 12.64)
        Pair   Count    Ratio     GDOP   MeanErr   StdErr    MeanX    MeanY
  ------------------------------------------------------------------------
       (4,2)     101    25.0%   177.72    0.7505   0.0005    0.750   12.656
       (3,1)      88    21.8%   177.72    0.8198   0.3043   -0.282   12.649
       (1,4)      83    20.5%    11.21    0.3938   0.2550    0.299   12.600
       (2,3)      83    20.5%    11.21    1.7096   0.2661   -1.695   12.416
       (1,3)      18     4.5%   177.72    0.6755   0.2031   -0.493   12.667
       (2,4)      17     4.2%   177.72    0.8677   0.5681   -0.133   12.588
       (3,2)      13     3.2%    11.21    1.8270   0.3596    1.814   12.423
       (2,1)       1     0.2%    10.55    4.2298   0.0000   -4.097   11.588

  [PedLoc]  total=703  overall_mean_err=2.5291m  tag=(0.0, 12.64)
        Pair   Count    Ratio     GDOP   MeanErr   StdErr    MeanX    MeanY
  ------------------------------------------------------------------------
       (1,2)     426    60.6%    10.55    3.3161   0.3163    3.214   11.823
       (1,3)     163    23.2%   177.72    0.7447   0.1455   -0.632   12.578
       (2,3)      74    10.5%    11.21    1.7457   0.2450   -1.718   12.332
       (3,2)      20     2.8%    11.21    2.0159   0.3516    1.991   12.323
       (2,1)      16     2.3%    10.55    4.2926   0.3707   -4.130   11.470
       (3,1)       2     0.3%   177.72    0.7509   0.0009   -0.750   12.615
       (2,4)       1     0.1%   177.72    3.9385   0.0000   -3.821   11.684
       (1,4)       1     0.1%    11.21    0.3294   0.0000   -0.303   12.511

  [DA-VPL]  total=703  overall_mean_err=4.0191m  tag=(0.0, 12.64)
        Pair   Count    Ratio     GDOP   MeanErr   StdErr    MeanX    MeanY
  ------------------------------------------------------------------------
       (2,1)     696    99.0%    10.55    4.0426   0.3610   -3.911   11.622
       (2,3)       6     0.9%    11.21    1.5419   0.2935   -1.528   12.438
       (2,4)       1     0.1%   177.72    2.5522   0.0000   -2.463   11.973

================================================================================
Scenario: Static 22.64m  |  tag=(0.0, 22.64)
================================================================================

  [RR-All]  total=1186  overall_mean_err=4.5469m  tag=(0.0, 22.64)
        Pair   Count    Ratio     GDOP   MeanErr   StdErr    MeanX    MeanY
  ------------------------------------------------------------------------
       (1,2)      99     8.3%    19.96    6.5820   0.3595    6.447   21.317
       (1,3)      99     8.3%   602.36    0.9111   0.5965   -0.440   22.578
       (1,4)      99     8.3%    20.64    0.7704   0.4727    0.697   22.530
       (2,1)      99     8.3%    19.96    7.6871   0.4497   -7.494   20.930
       (2,3)      99     8.3%    20.64    3.3176   0.4978   -3.290   22.215
       (2,4)      99     8.3%   602.36    6.2280   2.1798   -6.059   21.353
       (3,1)      99     8.3%   602.36    1.8392   1.6389    1.022   22.424
       (3,4)      99     8.3%    21.37   10.4546   0.6840  -10.235   20.514
       (4,1)      99     8.3%    20.64    4.7523   0.8498   -4.711   22.021
       (4,2)      99     8.3%   602.36    0.7524   0.0016    0.750   22.584
       (4,3)      99     8.3%    21.37    7.7531   0.8194    7.682   21.604
       (3,2)      97     8.2%    20.64    3.4938   0.6154    3.467   22.206

  [RR-Best]  total=396  overall_mean_err=1.4981m  tag=(0.0, 22.64)
        Pair   Count    Ratio     GDOP   MeanErr   StdErr    MeanX    MeanY
  ------------------------------------------------------------------------
       (4,2)      99    25.0%   602.36    0.7524   0.0016    0.750   22.584
       (2,3)      87    22.0%    20.64    3.3325   0.4928   -3.305   22.213
       (3,1)      78    19.7%   602.36    1.0987   0.7794    0.075   22.550
       (1,4)      59    14.9%    20.64    0.4780   0.2808    0.361   22.553
       (1,3)      40    10.1%   602.36    0.7466   0.0277   -0.717   22.603
       (3,2)      21     5.3%    20.64    3.0319   0.5728    3.010   22.279
       (2,4)      12     3.0%   602.36    1.7838   0.8620   -1.523   22.447

  [PedLoc]  total=684  overall_mean_err=6.5947m  tag=(0.0, 22.64)
        Pair   Count    Ratio     GDOP   MeanErr   StdErr    MeanX    MeanY
  ------------------------------------------------------------------------
       (1,2)     639    93.4%    19.96    6.8100   0.4780    6.674   21.289
       (1,3)      19     2.8%   602.36    1.1389   0.8039   -0.048   22.594
       (2,1)      12     1.8%    19.96    7.4814   0.5727   -7.310   21.050
       (1,4)       5     0.7%    20.64    2.4526   1.1230    2.445   22.459
       (2,3)       4     0.6%    20.64    2.8883   0.8254   -2.869   22.308
       (2,4)       3     0.4%   602.36    6.6438   1.0161   -6.517   21.358
       (3,2)       1     0.1%    20.64    3.3136   0.0000    3.298   22.315
       (3,1)       1     0.1%   602.36    0.7504   0.0000   -0.750   22.663

  [DA-VPL]  total=685  overall_mean_err=7.5772m  tag=(0.0, 22.64)
        Pair   Count    Ratio     GDOP   MeanErr   StdErr    MeanX    MeanY
  ------------------------------------------------------------------------
       (2,1)     676    98.7%    19.96    7.6398   0.4923   -7.451   20.953
       (1,4)       6     0.9%    20.64    0.8989   0.4474    0.891   22.543
       (4,3)       1     0.1%    21.37    7.9637   0.0000    7.888   21.543
       (1,2)       1     0.1%    19.96    6.5615   0.0000    6.428   21.322
       (2,4)       1     0.1%   602.36    5.9378   0.0000   -5.844   21.587

================================================================================
Scenario: Static 32.64m  |  tag=(0.0, 32.64)
================================================================================

  [RR-All]  total=110  overall_mean_err=4.5280m  tag=(0.0, 32.64)
        Pair   Count    Ratio     GDOP   MeanErr   StdErr    MeanX    MeanY
  ------------------------------------------------------------------------
       (3,1)      37    33.6%  1278.41    2.9208   2.6293    2.214   32.358
       (1,3)      28    25.5%  1278.41    1.7877   1.8475    0.709   32.511
       (1,4)      17    15.5%    30.07    1.7763   1.1366    1.521   32.848
       (3,4)      14    12.7%    30.79   14.4516   1.2742  -14.161   29.771
       (4,1)       5     4.5%    30.07    4.8309   1.4467   -4.810   32.206
       (4,3)       5     4.5%    30.79   10.6579   0.7003   10.560   31.201
       (3,2)       3     2.7%    30.07    6.4923   0.1294    6.447   31.877
       (1,2)       1     0.9%    29.38   10.5129   0.0000    9.954   36.021

  [RR-Best]  total=72  overall_mean_err=2.5491m  tag=(0.0, 32.64)
        Pair   Count    Ratio     GDOP   MeanErr   StdErr    MeanX    MeanY
  ------------------------------------------------------------------------
       (3,1)      37    51.4%  1278.41    2.9208   2.6293    2.214   32.358
       (1,3)      20    27.8%  1278.41    1.4563   1.6744    0.250   32.544
       (1,4)       9    12.5%    30.07    1.7477   1.4713    1.268   33.123
       (4,1)       5     6.9%    30.07    4.8309   1.4467   -4.810   32.206
       (3,2)       1     1.4%    30.07    6.4582   0.0000    6.414   31.886

  [PedLoc]  total=701  overall_mean_err=3.4540m  tag=(0.0, 32.64)
        Pair   Count    Ratio     GDOP   MeanErr   StdErr    MeanX    MeanY
  ------------------------------------------------------------------------
       (1,4)     536    76.5%    30.07    3.2845   0.6654    3.270   32.330
       (4,1)     158    22.5%    30.07    3.7777   0.8905   -3.760   32.275
       (3,1)       4     0.6%  1278.41   10.7289   3.1603   10.471   30.338
       (1,3)       2     0.3%  1278.41    5.3444   1.4747    5.301   31.973
       (4,3)       1     0.1%    30.79   10.2830   0.0000   10.185   31.222

  [DA-VPL]  total=664  overall_mean_err=3.3412m  tag=(0.0, 32.64)
        Pair   Count    Ratio     GDOP   MeanErr   StdErr    MeanX    MeanY
  ------------------------------------------------------------------------
       (1,4)     656    98.8%    30.07    3.2663   0.7323    3.240   32.350
       (1,3)       6     0.9%  1278.41    9.7743   0.6350    9.603   30.822
       (4,3)       1     0.2%    30.79   10.5466   0.0000   10.443   31.166
       (3,2)       1     0.2%    30.07    6.6650   0.0000    6.615   31.828